-1 -2 0
-1 -3 0
-2 -3 0
-4 -5 0
-4 -6 0
-5 -6 0
-7 -8 0
-7 -9 0
-8 -9 0
-10 -11 0
-10 -12 0
-11 -12 0
-13 -14 0
-13 -15 0
-14 -15 0
-16 -17 0
-16 -18 0
-17 -18 0
-19 -20 0
-19 -21 0
-20 -21 0
-22 -23 0
-22 -24 0
-23 -24 0
-25 -26 0
-25 -27 0
-26 -27 0
-28 -29 0
-28 -30 0
-29 -30 0
-31 -32 0
-31 -33 0
-32 -33 0
-34 -35 0
-34 -36 0
-35 -36 0
-37 -38 0
-37 -39 0
-38 -39 0
-40 -41 0
-40 -42 0
-41 -42 0
-43 -44 0
-43 -45 0
-44 -45 0
-46 -47 0
-46 -48 0
-47 -48 0
-49 -50 0
-49 -51 0
-50 -51 0
-52 -53 0
-52 -54 0
-53 -54 0
-55 -56 0
-55 -57 0
-56 -57 0
-58 -59 0
-58 -60 0
-59 -60 0
-61 -62 0
-61 -63 0
-62 -63 0
-64 -65 0
-64 -66 0
-65 -66 0
-67 -68 0
-67 -69 0
-68 -69 0
-70 -71 0
-70 -72 0
-71 -72 0
-73 -74 0
-73 -75 0
-74 -75 0
-76 -77 0
-76 -78 0
-77 -78 0
-79 -80 0
-79 -81 0
-80 -81 0
-82 -83 0
-82 -84 0
-83 -84 0
-85 -86 0
-85 -87 0
-86 -87 0
-88 -89 0
-88 -90 0
-89 -90 0
-91 -92 0
-91 -93 0
-92 -93 0
-94 -95 0
-94 -96 0
-95 -96 0
-97 -98 0
-97 -99 0
-98 -99 0
-100 -101 0
-100 -102 0
-101 -102 0
-103 -104 0
-103 -105 0
-104 -105 0
-106 -107 0
-106 -108 0
-107 -108 0
-109 -110 0
-109 -111 0
-110 -111 0
-112 -113 0
-112 -114 0
-113 -114 0
-115 -116 0
-115 -117 0
-116 -117 0
-118 -119 0
-118 -120 0
-119 -120 0
-121 -122 0
-121 -123 0
-122 -123 0
-124 -125 0
-124 -126 0
-125 -126 0
-127 -128 0
-127 -129 0
-128 -129 0
-130 -131 0
-130 -132 0
-131 -132 0
-133 -134 0
-133 -135 0
-134 -135 0
-136 -137 0
-136 -138 0
-137 -138 0
-139 -140 0
-139 -141 0
-140 -141 0
-142 -143 0
-142 -144 0
-143 -144 0
-145 -146 0
-145 -147 0
-146 -147 0
-148 -149 0
-148 -150 0
-149 -150 0
-151 -152 0
-151 -153 0
-152 -153 0
-154 -155 0
-154 -156 0
-155 -156 0
-157 -158 0
-157 -159 0
-158 -159 0
-160 -161 0
-160 -162 0
-161 -162 0
-163 -164 0
-163 -165 0
-164 -165 0
-166 -167 0
-166 -168 0
-167 -168 0
-169 -170 0
-169 -171 0
-170 -171 0
-172 -173 0
-172 -174 0
-173 -174 0
-175 -176 0
-175 -177 0
-176 -177 0
-178 -179 0
-178 -180 0
-179 -180 0
-181 -182 0
-181 -183 0
-182 -183 0
-184 -185 0
-184 -186 0
-185 -186 0
-187 -188 0
-187 -189 0
-188 -189 0
-190 -191 0
-190 -192 0
-191 -192 0
-193 -194 0
-193 -195 0
-194 -195 0
-196 -197 0
-196 -198 0
-197 -198 0
-199 -200 0
-199 -201 0
-200 -201 0
-202 -203 0
-202 -204 0
-203 -204 0
-205 -206 0
-205 -207 0
-206 -207 0
-208 -209 0
-208 -210 0
-209 -210 0
-211 -212 0
-211 -213 0
-212 -213 0
-214 -215 0
-214 -216 0
-215 -216 0
-217 -218 0
-217 -219 0
-218 -219 0
-220 -221 0
-220 -222 0
-221 -222 0
-223 -224 0
-223 -225 0
-224 -225 0
-226 -227 0
-226 -228 0
-227 -228 0
-229 -230 0
-229 -231 0
-230 -231 0
-232 -233 0
-232 -234 0
-233 -234 0
-235 -236 0
-235 -237 0
-236 -237 0
-238 -239 0
-238 -240 0
-239 -240 0
-241 -242 0
-241 -243 0
-242 -243 0
-244 -245 0
-244 -246 0
-245 -246 0
-247 -248 0
-247 -249 0
-248 -249 0
-250 -251 0
-250 -252 0
-251 -252 0
-253 -254 0
-253 -255 0
-254 -255 0
-256 -257 0
-256 -258 0
-257 -258 0
-259 -260 0
-259 -261 0
-260 -261 0
-262 -263 0
-262 -264 0
-263 -264 0
-265 -266 0
-265 -267 0
-266 -267 0
-268 -269 0
-268 -270 0
-269 -270 0
-271 -272 0
-271 -273 0
-272 -273 0
-274 -275 0
-274 -276 0
-275 -276 0
-277 -278 0
-277 -279 0
-278 -279 0
-280 -281 0
-280 -282 0
-281 -282 0
-283 -284 0
-283 -285 0
-284 -285 0
-286 -287 0
-286 -288 0
-287 -288 0
-289 -290 0
-289 -291 0
-290 -291 0
-292 -293 0
-292 -294 0
-293 -294 0
-295 -296 0
-295 -297 0
-296 -297 0
-298 -299 0
-298 -300 0
-299 -300 0
-301 -302 0
-301 -303 0
-302 -303 0
-304 -305 0
-304 -306 0
-305 -306 0
-307 -308 0
-307 -309 0
-308 -309 0
-310 -311 0
-310 -312 0
-311 -312 0
-313 -314 0
-313 -315 0
-314 -315 0
-316 -317 0
-316 -318 0
-317 -318 0
-319 -320 0
-319 -321 0
-320 -321 0
-322 -323 0
-322 -324 0
-323 -324 0
-325 -326 0
-325 -327 0
-326 -327 0
-328 -329 0
-328 -330 0
-329 -330 0
-331 -332 0
-331 -333 0
-332 -333 0
-334 -335 0
-334 -336 0
-335 -336 0
-337 -338 0
-337 -339 0
-338 -339 0
-340 -341 0
-340 -342 0
-341 -342 0
-343 -344 0
-343 -345 0
-344 -345 0
-346 -347 0
-346 -348 0
-347 -348 0
-349 -350 0
-349 -351 0
-350 -351 0
-352 -353 0
-352 -354 0
-353 -354 0
-355 -356 0
-355 -357 0
-356 -357 0
-358 -359 0
-358 -360 0
-359 -360 0
-361 -362 0
-361 -363 0
-362 -363 0
-364 -365 0
-364 -366 0
-365 -366 0
-367 -368 0
-367 -369 0
-368 -369 0
-370 -371 0
-370 -372 0
-371 -372 0
-373 -374 0
-373 -375 0
-374 -375 0
-376 -377 0
-376 -378 0
-377 -378 0
-379 -380 0
-379 -381 0
-380 -381 0
-382 -383 0
-382 -384 0
-383 -384 0
-385 -386 0
-385 -387 0
-386 -387 0
-388 -389 0
-388 -390 0
-389 -390 0
-391 -392 0
-391 -393 0
-392 -393 0
-394 -395 0
-394 -396 0
-395 -396 0
-397 -398 0
-397 -399 0
-398 -399 0
-400 -401 0
-400 -402 0
-401 -402 0
-403 -404 0
-403 -405 0
-404 -405 0
-406 -407 0
-406 -408 0
-407 -408 0
-409 -410 0
-409 -411 0
-410 -411 0
-412 -413 0
-412 -414 0
-413 -414 0
-415 -416 0
-415 -417 0
-416 -417 0
-418 -419 0
-418 -420 0
-419 -420 0
-421 -422 0
-421 -423 0
-422 -423 0
-424 -425 0
-424 -426 0
-425 -426 0
-427 -428 0
-427 -429 0
-428 -429 0
-430 -431 0
-430 -432 0
-431 -432 0
-433 -434 0
-433 -435 0
-434 -435 0
-436 -437 0
-436 -438 0
-437 -438 0
-439 -440 0
-439 -441 0
-440 -441 0
-442 -443 0
-442 -444 0
-443 -444 0
-445 -446 0
-445 -447 0
-446 -447 0
-448 -449 0
-448 -450 0
-449 -450 0
-451 -452 0
-451 -453 0
-452 -453 0
-454 -455 0
-454 -456 0
-455 -456 0
-457 -458 0
-457 -459 0
-458 -459 0
-460 -461 0
-460 -462 0
-461 -462 0
-463 -464 0
-463 -465 0
-464 -465 0
-466 -467 0
-466 -468 0
-467 -468 0
-469 -470 0
-469 -471 0
-470 -471 0
-472 -473 0
-472 -474 0
-473 -474 0
-475 -476 0
-475 -477 0
-476 -477 0
-478 -479 0
-478 -480 0
-479 -480 0
-481 -482 0
-481 -483 0
-482 -483 0
-484 -485 0
-484 -486 0
-485 -486 0
-487 -488 0
-487 -489 0
-488 -489 0
-490 -491 0
-490 -492 0
-491 -492 0
-493 -494 0
-493 -495 0
-494 -495 0
-496 -497 0
-496 -498 0
-497 -498 0
-499 -500 0
-499 -501 0
-500 -501 0
-502 -503 0
-502 -504 0
-503 -504 0
-505 -506 0
-505 -507 0
-506 -507 0
-508 -509 0
-508 -510 0
-509 -510 0
-511 -512 0
-511 -513 0
-512 -513 0
-514 -515 0
-514 -516 0
-515 -516 0
-517 -518 0
-517 -519 0
-518 -519 0
-520 -521 0
-520 -522 0
-521 -522 0
-523 -524 0
-523 -525 0
-524 -525 0
-526 -527 0
-526 -528 0
-527 -528 0
-529 -530 0
-529 -531 0
-530 -531 0
-532 -533 0
-532 -534 0
-533 -534 0
-535 -536 0
-535 -537 0
-536 -537 0
-538 -539 0
-538 -540 0
-539 -540 0
-541 -542 0
-541 -543 0
-542 -543 0
-544 -545 0
-544 -546 0
-545 -546 0
-547 -548 0
-547 -549 0
-548 -549 0
-550 -551 0
-550 -552 0
-551 -552 0
-553 -554 0
-553 -555 0
-554 -555 0
-556 -557 0
-556 -558 0
-557 -558 0
-559 -560 0
-559 -561 0
-560 -561 0
-562 -563 0
-562 -564 0
-563 -564 0
-565 -566 0
-565 -567 0
-566 -567 0
-568 -569 0
-568 -570 0
-569 -570 0
-571 -572 0
-571 -573 0
-572 -573 0
-574 -575 0
-574 -576 0
-575 -576 0
-577 -578 0
-577 -579 0
-578 -579 0
-580 -581 0
-580 -582 0
-581 -582 0
-583 -584 0
-583 -585 0
-584 -585 0
-586 -587 0
-586 -588 0
-587 -588 0
-589 -590 0
-589 -591 0
-590 -591 0
-592 -593 0
-592 -594 0
-593 -594 0
-595 -596 0
-595 -597 0
-596 -597 0
-598 -599 0
-598 -600 0
-599 -600 0
-601 -602 0
-601 -603 0
-602 -603 0
-604 -605 0
-604 -606 0
-605 -606 0
-607 -608 0
-607 -609 0
-608 -609 0
-610 -611 0
-610 -612 0
-611 -612 0
-613 -614 0
-613 -615 0
-614 -615 0
-616 -617 0
-616 -618 0
-617 -618 0
-619 -620 0
-619 -621 0
-620 -621 0
-622 -623 0
-622 -624 0
-623 -624 0
-625 -626 0
-625 -627 0
-626 -627 0
-628 -629 0
-628 -630 0
-629 -630 0
-631 -632 0
-631 -633 0
-632 -633 0
-634 -635 0
-634 -636 0
-635 -636 0
-637 -638 0
-637 -639 0
-638 -639 0
-640 -641 0
-640 -642 0
-641 -642 0
-643 -644 0
-643 -645 0
-644 -645 0
-646 -647 0
-646 -648 0
-647 -648 0
-649 -650 0
-649 -651 0
-650 -651 0
-652 -653 0
-652 -654 0
-653 -654 0
-655 -656 0
-655 -657 0
-656 -657 0
-658 -659 0
-658 -660 0
-659 -660 0
-661 -662 0
-661 -663 0
-662 -663 0
-664 -665 0
-664 -666 0
-665 -666 0
-667 -668 0
-667 -669 0
-668 -669 0
-670 -671 0
-670 -672 0
-671 -672 0
-673 -674 0
-673 -675 0
-674 -675 0
-676 -677 0
-676 -678 0
-677 -678 0
-679 -680 0
-679 -681 0
-680 -681 0
-682 -683 0
-682 -684 0
-683 -684 0
-685 -686 0
-685 -687 0
-686 -687 0
-688 -689 0
-688 -690 0
-689 -690 0
-691 -692 0
-691 -693 0
-692 -693 0
-694 -695 0
-694 -696 0
-695 -696 0
-697 -698 0
-697 -699 0
-698 -699 0
-700 -701 0
-700 -702 0
-701 -702 0
-703 -704 0
-703 -705 0
-704 -705 0
-706 -707 0
-706 -708 0
-707 -708 0
-709 -710 0
-709 -711 0
-710 -711 0
-712 -713 0
-712 -714 0
-713 -714 0
-715 -716 0
-715 -717 0
-716 -717 0
-718 -719 0
-718 -720 0
-719 -720 0
-721 -722 0
-721 -723 0
-722 -723 0
-724 -725 0
-724 -726 0
-725 -726 0
-727 -728 0
-727 -729 0
-728 -729 0
-730 -731 0
-730 -732 0
-731 -732 0
-733 -734 0
-733 -735 0
-734 -735 0
-736 -737 0
-736 -738 0
-737 -738 0
-739 -740 0
-739 -741 0
-740 -741 0
-742 -743 0
-742 -744 0
-743 -744 0
-745 -746 0
-745 -747 0
-746 -747 0
-748 -749 0
-748 -750 0
-749 -750 0
-751 -752 0
-751 -753 0
-752 -753 0
-754 -755 0
-754 -756 0
-755 -756 0
-757 -758 0
-757 -759 0
-758 -759 0
-760 -761 0
-760 -762 0
-761 -762 0
-763 -764 0
-763 -765 0
-764 -765 0
-766 -767 0
-766 -768 0
-767 -768 0
-769 -770 0
-769 -771 0
-770 -771 0
-772 -773 0
-772 -774 0
-773 -774 0
-775 -776 0
-775 -777 0
-776 -777 0
-778 -779 0
-778 -780 0
-779 -780 0
-781 -782 0
-781 -783 0
-782 -783 0
-784 -785 0
-784 -786 0
-785 -786 0
-787 -788 0
-787 -789 0
-788 -789 0
-790 -791 0
-790 -792 0
-791 -792 0
-793 -794 0
-793 -795 0
-794 -795 0
-796 -797 0
-796 -798 0
-797 -798 0
-799 -800 0
-799 -801 0
-800 -801 0
-802 -803 0
-802 -804 0
-803 -804 0
-805 -806 0
-805 -807 0
-806 -807 0
-808 -809 0
-808 -810 0
-809 -810 0
-811 -812 0
-811 -813 0
-812 -813 0
-814 -815 0
-814 -816 0
-815 -816 0
-817 -818 0
-817 -819 0
-818 -819 0
-820 -821 0
-820 -822 0
-821 -822 0
-823 -824 0
-823 -825 0
-824 -825 0
-826 -827 0
-826 -828 0
-827 -828 0
-829 -830 0
-829 -831 0
-830 -831 0
-832 -833 0
-832 -834 0
-833 -834 0
-835 -836 0
-835 -837 0
-836 -837 0
-838 -839 0
-838 -840 0
-839 -840 0
-841 -842 0
-841 -843 0
-842 -843 0
-844 -845 0
-844 -846 0
-845 -846 0
-847 -848 0
-847 -849 0
-848 -849 0
-850 -851 0
-850 -852 0
-851 -852 0
-853 -854 0
-853 -855 0
-854 -855 0
-856 -857 0
-856 -858 0
-857 -858 0
-859 -860 0
-859 -861 0
-860 -861 0
-862 -863 0
-862 -864 0
-863 -864 0
-865 -866 0
-865 -867 0
-866 -867 0
-868 -869 0
-868 -870 0
-869 -870 0
-871 -872 0
-871 -873 0
-872 -873 0
-874 -875 0
-874 -876 0
-875 -876 0
-877 -878 0
-877 -879 0
-878 -879 0
-880 -881 0
-880 -882 0
-881 -882 0
-883 -884 0
-883 -885 0
-884 -885 0
-886 -887 0
-886 -888 0
-887 -888 0
-889 -890 0
-889 -891 0
-890 -891 0
-892 -893 0
-892 -894 0
-893 -894 0
-895 -896 0
-895 -897 0
-896 -897 0
-898 -899 0
-898 -900 0
-899 -900 0
-901 -902 0
-901 -903 0
-902 -903 0
-904 -905 0
-904 -906 0
-905 -906 0
-907 -908 0
-907 -909 0
-908 -909 0
-910 -911 0
-910 -912 0
-911 -912 0
-913 -914 0
-913 -915 0
-914 -915 0
-916 -917 0
-916 -918 0
-917 -918 0
-919 -920 0
-919 -921 0
-920 -921 0
-922 -923 0
-922 -924 0
-923 -924 0
-925 -926 0
-925 -927 0
-926 -927 0
-928 -929 0
-928 -930 0
-929 -930 0
-931 -932 0
-931 -933 0
-932 -933 0
-934 -935 0
-934 -936 0
-935 -936 0
-937 -938 0
-937 -939 0
-938 -939 0
-940 -941 0
-940 -942 0
-941 -942 0
-943 -944 0
-943 -945 0
-944 -945 0
-946 -947 0
-946 -948 0
-947 -948 0
-949 -950 0
-949 -951 0
-950 -951 0
-952 -953 0
-952 -954 0
-953 -954 0
-955 -956 0
-955 -957 0
-956 -957 0
-958 -959 0
-958 -960 0
-959 -960 0
-961 -962 0
-961 -963 0
-962 -963 0
-964 -965 0
-964 -966 0
-965 -966 0
-967 -968 0
-967 -969 0
-968 -969 0
-970 -971 0
-970 -972 0
-971 -972 0
-973 -974 0
-973 -975 0
-974 -975 0
-976 -977 0
-976 -978 0
-977 -978 0
-979 -980 0
-979 -981 0
-980 -981 0
-982 -983 0
-982 -984 0
-983 -984 0
-985 -986 0
-985 -987 0
-986 -987 0
-988 -989 0
-988 -990 0
-989 -990 0
-991 -992 0
-991 -993 0
-992 -993 0
-994 -995 0
-994 -996 0
-995 -996 0
-997 -998 0
-997 -999 0
-998 -999 0
-1000 -1001 0
-1000 -1002 0
-1001 -1002 0
-1003 -1004 0
-1003 -1005 0
-1004 -1005 0
-1006 -1007 0
-1006 -1008 0
-1007 -1008 0
-1009 -1010 0
-1009 -1011 0
-1010 -1011 0
-1012 -1013 0
-1012 -1014 0
-1013 -1014 0
-1015 -1016 0
-1015 -1017 0
-1016 -1017 0
-1018 -1019 0
-1018 -1020 0
-1019 -1020 0
-1021 -1022 0
-1021 -1023 0
-1022 -1023 0
-1024 -1025 0
-1024 -1026 0
-1025 -1026 0
-1027 -1028 0
-1027 -1029 0
-1028 -1029 0
-1030 -1031 0
-1030 -1032 0
-1031 -1032 0
-1033 -1034 0
-1033 -1035 0
-1034 -1035 0
-1036 -1037 0
-1036 -1038 0
-1037 -1038 0
-1039 -1040 0
-1039 -1041 0
-1040 -1041 0
-1042 -1043 0
-1042 -1044 0
-1043 -1044 0
-1045 -1046 0
-1045 -1047 0
-1046 -1047 0
-1048 -1049 0
-1048 -1050 0
-1049 -1050 0
-1051 -1052 0
-1051 -1053 0
-1052 -1053 0
-1054 -1055 0
-1054 -1056 0
-1055 -1056 0
-1057 -1058 0
-1057 -1059 0
-1058 -1059 0
-1060 -1061 0
-1060 -1062 0
-1061 -1062 0
-1063 -1064 0
-1063 -1065 0
-1064 -1065 0
-1066 -1067 0
-1066 -1068 0
-1067 -1068 0
-1069 -1070 0
-1069 -1071 0
-1070 -1071 0
-1072 -1073 0
-1072 -1074 0
-1073 -1074 0
-1075 -1076 0
-1075 -1077 0
-1076 -1077 0
-1078 -1079 0
-1078 -1080 0
-1079 -1080 0
-1081 -1082 0
-1081 -1083 0
-1082 -1083 0
-1084 -1085 0
-1084 -1086 0
-1085 -1086 0
-1087 -1088 0
-1087 -1089 0
-1088 -1089 0
-1090 -1091 0
-1090 -1092 0
-1091 -1092 0
-1093 -1094 0
-1093 -1095 0
-1094 -1095 0
-1096 -1097 0
-1096 -1098 0
-1097 -1098 0
-1099 -1100 0
-1099 -1101 0
-1100 -1101 0
-1102 -1103 0
-1102 -1104 0
-1103 -1104 0
-1105 -1106 0
-1105 -1107 0
-1106 -1107 0
-1108 -1109 0
-1108 -1110 0
-1109 -1110 0
-1111 -1112 0
-1111 -1113 0
-1112 -1113 0
-1114 -1115 0
-1114 -1116 0
-1115 -1116 0
-1117 -1118 0
-1117 -1119 0
-1118 -1119 0
-1120 -1121 0
-1120 -1122 0
-1121 -1122 0
-1123 -1124 0
-1123 -1125 0
-1124 -1125 0
-1126 -1127 0
-1126 -1128 0
-1127 -1128 0
-1129 -1130 0
-1129 -1131 0
-1130 -1131 0
-1132 -1133 0
-1132 -1134 0
-1133 -1134 0
-1135 -1136 0
-1135 -1137 0
-1136 -1137 0
-1138 -1139 0
-1138 -1140 0
-1139 -1140 0
-1141 -1142 0
-1141 -1143 0
-1142 -1143 0
-1144 -1145 0
-1144 -1146 0
-1145 -1146 0
-1147 -1148 0
-1147 -1149 0
-1148 -1149 0
-1150 -1151 0
-1150 -1152 0
-1151 -1152 0
-1153 -1154 0
-1153 -1155 0
-1154 -1155 0
-1156 -1157 0
-1156 -1158 0
-1157 -1158 0
-1159 -1160 0
-1159 -1161 0
-1160 -1161 0
-1162 -1163 0
-1162 -1164 0
-1163 -1164 0
-1165 -1166 0
-1165 -1167 0
-1166 -1167 0
-1168 -1169 0
-1168 -1170 0
-1169 -1170 0
-1171 -1172 0
-1171 -1173 0
-1172 -1173 0
-1174 -1175 0
-1174 -1176 0
-1175 -1176 0
-1177 -1178 0
-1177 -1179 0
-1178 -1179 0
-1180 -1181 0
-1180 -1182 0
-1181 -1182 0
-1183 -1184 0
-1183 -1185 0
-1184 -1185 0
-1186 -1187 0
-1186 -1188 0
-1187 -1188 0
-1189 -1190 0
-1189 -1191 0
-1190 -1191 0
-1192 -1193 0
-1192 -1194 0
-1193 -1194 0
-1195 -1196 0
-1195 -1197 0
-1196 -1197 0
-1198 -1199 0
-1198 -1200 0
-1199 -1200 0
-1201 -1202 0
-1201 -1203 0
-1202 -1203 0
-1204 -1205 0
-1204 -1206 0
-1205 -1206 0
-1207 -1208 0
-1207 -1209 0
-1208 -1209 0
-1210 -1211 0
-1210 -1212 0
-1211 -1212 0
-1213 -1214 0
-1213 -1215 0
-1214 -1215 0
-1216 -1217 0
-1216 -1218 0
-1217 -1218 0
-1219 -1220 0
-1219 -1221 0
-1220 -1221 0
-1222 -1223 0
-1222 -1224 0
-1223 -1224 0
-1225 -1226 0
-1225 -1227 0
-1226 -1227 0
-1228 -1229 0
-1228 -1230 0
-1229 -1230 0
-1231 -1232 0
-1231 -1233 0
-1232 -1233 0
-1234 -1235 0
-1234 -1236 0
-1235 -1236 0
-1237 -1238 0
-1237 -1239 0
-1238 -1239 0
-1240 -1241 0
-1240 -1242 0
-1241 -1242 0
-1243 -1244 0
-1243 -1245 0
-1244 -1245 0
-1246 -1247 0
-1246 -1248 0
-1247 -1248 0
-1249 -1250 0
-1249 -1251 0
-1250 -1251 0
-1252 -1253 0
-1252 -1254 0
-1253 -1254 0
-1255 -1256 0
-1255 -1257 0
-1256 -1257 0
-1258 -1259 0
-1258 -1260 0
-1259 -1260 0
-1261 -1262 0
-1261 -1263 0
-1262 -1263 0
-1264 -1265 0
-1264 -1266 0
-1265 -1266 0
-1267 -1268 0
-1267 -1269 0
-1268 -1269 0
-1270 -1271 0
-1270 -1272 0
-1271 -1272 0
-1273 -1274 0
-1273 -1275 0
-1274 -1275 0
-1276 -1277 0
-1276 -1278 0
-1277 -1278 0
-1279 -1280 0
-1279 -1281 0
-1280 -1281 0
-1282 -1283 0
-1282 -1284 0
-1283 -1284 0
-1285 -1286 0
-1285 -1287 0
-1286 -1287 0
-1288 -1289 0
-1288 -1290 0
-1289 -1290 0
-1291 -1292 0
-1291 -1293 0
-1292 -1293 0
-1294 -1295 0
-1294 -1296 0
-1295 -1296 0
-1297 -1298 0
-1297 -1299 0
-1298 -1299 0
-1300 -1301 0
-1300 -1302 0
-1301 -1302 0
-1303 -1304 0
-1303 -1305 0
-1304 -1305 0
-1306 -1307 0
-1306 -1308 0
-1307 -1308 0
-1309 -1310 0
-1309 -1311 0
-1310 -1311 0
-1312 -1313 0
-1312 -1314 0
-1313 -1314 0
-1315 -1316 0
-1315 -1317 0
-1316 -1317 0
-1318 -1319 0
-1318 -1320 0
-1319 -1320 0
-1321 -1322 0
-1321 -1323 0
-1322 -1323 0
-1324 -1325 0
-1324 -1326 0
-1325 -1326 0
-1327 -1328 0
-1327 -1329 0
-1328 